%YAML:1.0
intrin_M1: !!opencv-matrix
   rows: 3
   cols: 3
   dt: d
   data: [ 1.2806747e+003, 0., 6.4735933e+002, 0., 1.28282055e+003, 3.5899288e+002, 0., 0., 1. ]
intrin_D1: !!opencv-matrix
   rows: 1
   cols: 8
   dt: d
   data: [ 1.2608e-001, -2.4641e-001, -1.53e-003, -1.12e-003,0., 0., 0., 0. ]
intrin_M2: !!opencv-matrix
   rows: 3
   cols: 3
   dt: d
   data: [ 1.27693791e+003, 0., 6.5801673e+002, 0., 1.27956333e+003, 3.7403098e+002, 0., 0., 1. ]
intrin_D2: !!opencv-matrix
   rows: 1
   cols: 8
   dt: d
   data: [ 1.1937e-001, -2.1755e-001, 2.07e-003, -9.9e-004, 0., 0., 0., 0. ]
